1,1.4287868413058193,0.48140447451309726,1.389755165576935,0.5264590993523598
2,0.9324480488219045,0.6692826703868129,0.9049440950155259,0.6800551474094391
3,0.737099305133928,0.7437686432491649,0.8126192629337311,0.7169806987047196
4,0.6291272553869269,0.7805255681953647,0.6586676120758057,0.7731272965669632
5,0.5430257074873556,0.8120419034226374,0.6661998063325882,0.7677159935235978
6,0.4848127503964034,0.8324458450078964,0.6249602437019348,0.7783318012952805
7,0.44628681818192656,0.8455965908413584,0.6331794798374176,0.7910271137952805
8,0.3968501862307841,0.8622727272185412,0.5702397897839546,0.8083295047283172
9,0.3682495118542151,0.871953125027093,0.5223483353853225,0.8216796875
10,0.3439773496409709,0.8793181817639958,0.4313299909234047,0.8540096521377564
11,0.31374515466053376,0.8923677199266173,0.4737962856888771,0.8501608461141587
12,0.29823791421949863,0.8961949571967125,0.43067708015441897,0.8556525737047196
13,0.2720981995490464,0.9059703478758986,0.42389617413282393,0.8601447612047195
14,0.26333348055116157,0.9081729403273626,0.408641117811203,0.8643497258424759
15,0.23750578142194587,0.9170170453461733,0.39631462544202806,0.8684742659330368
16,0.21915881166403944,0.9231170097535307,0.44149143546819686,0.8659581810235977
17,0.2128857638771561,0.9261345880275423,0.34383350163698195,0.8866268396377563
18,0.19356157694181259,0.9326535866341807,0.47434280812740326,0.8566521137952805
19,0.18120641870932144,0.9369815340773626,0.355000239610672,0.8891544133424759
20,0.1722448795864528,0.9404660866341807,0.35451271682977675,0.8896139711141586
21,0.1656746566718952,0.9430539770559832,0.4175451993942261,0.8741153508424759
22,0.1519204640168358,0.9472141333601691,0.38485137224197385,0.88359375
23,0.1387537081556564,0.951557173309001,0.504596446454525,0.8608226090669632
24,0.1313132077921182,0.9529802910983562,0.38361546099185945,0.884007352590561
25,0.1290119300300086,0.9538077058439905,0.3429363891482353,0.8999770224094391
26,0.11566165261055258,0.959604048254815,0.3318799838423729,0.8955078125
27,0.11199120015159926,0.9618261717259884,0.3906874775886536,0.8867647051811218
28,0.11216995196247642,0.9609135297889059,0.3585460178554058,0.892796415090561
29,0.104416092984717,0.961819957264445,0.3622778482735157,0.8924287676811218
30,0.09477882912721146,0.9669149501079862,0.3419110275804996,0.9026539534330368
31,0.08756630961910229,0.9685546874322675,0.36953989788889885,0.8928193926811219
32,0.08957969657653435,0.9683291901918974,0.36459039971232415,0.8990923702716828
33,0.08221898396203126,0.970453657548536,0.39463336020708084,0.8985868573188782
34,0.07803254036910155,0.97265980087898,0.3376695491373539,0.9069852948188781
35,0.07637747339057652,0.9719433591447093,0.3682542830705643,0.9013671875
36,0.0774937852666798,0.9724192114716227,0.4440820410847664,0.8877068012952805
37,0.0680654572788626,0.9757927910170772,0.35020714104175565,0.9073988974094391
38,0.060931555619886654,0.9784241830083457,0.38074025958776475,0.90390625
39,0.06715937496416947,0.9759543676945296,0.3904012769460678,0.8937959551811219
40,0.06757418680089441,0.9761479046534408,0.38192037865519524,0.9017807900905609
41,0.05925678805744445,0.9786905182356184,0.35764956548810006,0.9052274823188782
42,0.0604870718776841,0.9783327413553541,0.3507533878087997,0.9085477948188782
43,0.053563723785125396,0.9808877838606184,0.5314027756452561,0.876194852590561
44,0.05693943650906228,0.9802503548562527,0.41112296730279924,0.8953125
45,0.05723928921559656,0.9796697443181818,0.3805614210665226,0.9084443926811219
46,0.05153763613832945,0.9820037284357981,0.4138036474585533,0.8990923702716828
47,0.05463212423703887,0.9807226559655233,0.37709757760167123,0.9032973349094391
48,0.05055958247447217,0.9823304330083457,0.38439696207642554,0.897679227590561
49,0.0458451652825302,0.9836905182085254,0.3759856753051281,0.9111557900905609
50,0.04712040854924866,0.9837473366748203,0.38117481395602226,0.9044692099094391
51,0.04968164378607815,0.9827583449130709,0.46906000971794126,0.8856847435235977
52,0.04419264283073558,0.9844735437496142,0.36681452095508577,0.9081801474094391
53,0.04818211754635823,0.9836239344017073,0.4078820675611496,0.8996783077716828
54,0.04228355550334196,0.9854944954541597,0.4073041886091232,0.9013671875
55,0.04390776792371815,0.9845907315611839,0.3940971396863461,0.9067095577716827
56,0.04174638257510113,0.9852219457653436,0.4217543497681618,0.8962431073188781
57,0.03790022115836936,0.9868767755952749,0.4192967630922794,0.9002182900905609
58,0.045470986975653264,0.9846102625808932,0.3708643943071365,0.9068589150905609
59,0.03377002993048253,0.988557350567796,0.39648805782198904,0.9085707724094391
60,0.03357580565021966,0.9883957738903436,0.37145206704735756,0.91484375
61,0.035082452615659517,0.9872478690337051,0.44302012100815774,0.9001493573188781
62,0.03773016814375296,0.9872540838339112,0.40440396815538404,0.9097196698188782
63,0.038756296250291845,0.9863254614174366,0.3802441507577896,0.9124770224094391
64,0.04053640975987285,0.9862615411931818,0.3967608965933323,0.9070542275905609
65,0.03142679954445074,0.9886683235791597,0.3599314227700233,0.9153147965669632
66,0.03174239400620784,0.9887508875267073,0.34603894874453545,0.9156594663858414
67,0.03977973982744681,0.986083984375,0.44037878811359404,0.8994944840669632
68,0.03073466898852282,0.9897336644882505,0.36496475487947466,0.913304227590561
69,0.03261013098447372,0.9889692826704546,0.465292726457119,0.8990004599094391
70,0.030896588128102434,0.989289772442796,0.3854720748960972,0.9138901650905609
71,0.025534588764209977,0.9909321730109778,0.39768278896808623,0.9088579952716828
72,0.03206575358424082,0.9895463423295454,0.3971433587372303,0.9107192099094391
73,0.028912783886136658,0.9901047582653436,0.417916402220726,0.9096966922283173
74,0.03630311337606558,0.9872389913282611,0.5761488646268844,0.8798253685235977
75,0.03692786593720401,0.9873490767045454,0.3835857465863228,0.9143037676811219
76,0.03084578448165716,0.9889444244856184,0.39512372836470605,0.9077895224094391
77,0.035350904807935214,0.9872416545721617,0.4127722278237343,0.9140395224094391
78,0.032421862828248944,0.9885067469017073,0.4264945015311241,0.9006778508424759
79,0.025003705061284232,0.99097034775398,0.3995100937783718,0.9112362146377564
80,0.021794264564629306,0.9925079897723414,0.36213923767209055,0.9163143396377563
81,0.023669527887250297,0.9917089840905233,0.3398560144007206,0.9208295047283173
82,0.02116258539767428,0.9925807883793657,0.4330636590719223,0.9061925560235977
83,0.034242148976773024,0.98779296875,0.4238507367670536,0.9130859375
84,0.02480024888063781,0.9911860793151639,0.4142017558217049,0.9082835465669632
85,0.02493341127278241,0.990849609402093,0.39232993200421334,0.9112017452716827
86,0.025815499935891818,0.9913538704541597,0.4274396255612373,0.9092026650905609
87,0.024129133043143982,0.991613991219889,0.4091819390654564,0.9099609375
88,0.027413282784188843,0.9902441403405233,0.4104259394109249,0.9140854775905609
89,0.026536878899522973,0.9907386363907293,0.3858627252280712,0.9137752771377563
90,0.024470512498572298,0.991740944371982,0.3619138918817043,0.9199563413858414
91,0.03127783659147099,0.9898126775568182,0.3973884768784046,0.9124080896377563
92,0.025180434747281568,0.9914364344017073,0.42058796882629396,0.9122587323188782
93,0.023023865136730656,0.9918483665043657,0.3965772598981857,0.9207261025905609
94,0.026165979375946335,0.9912872866473414,0.4112322598695755,0.9156824439764023
95,0.02005759487590033,0.9929802912202749,0.3672301769256592,0.9168772965669632
96,0.02387942325995854,0.991819957101887,0.39808539301157,0.9104779422283172
97,0.025676213826624338,0.9913538704541597,0.3970630779862404,0.918359375
98,0.021902102168744685,0.9923304329541597,0.43462779074907304,0.9116498172283173
99,0.020727547629080204,0.9926189627837051,0.4228190630674362,0.9114315271377563
100,0.022178036580126816,0.993040660226887,0.42669892460107806,0.9109949439764022
