1,1.4405531950972297,0.4716122157194398,1.2088626980781556,0.558812040090561
2,0.9588693251663988,0.6580273437906395,0.9572037398815155,0.6589154422283172
3,0.7584705799818039,0.7328444600782611,0.8716237008571625,0.6883961409330368
4,0.6342567969113588,0.7787455608221617,0.7403295546770096,0.7478400737047195
5,0.5594296900724823,0.8049138848754492,0.702533945441246,0.7613740801811218
6,0.48836251856251195,0.8301677910441702,0.5480029612779618,0.8105583637952805
7,0.43792418915439735,0.8466583805328066,0.4927904009819031,0.8296530336141587
8,0.4032005269757726,0.86037020588463,0.48956580460071564,0.8332605689764023
9,0.3740854546089064,0.8705255680463531,0.5265226811170578,0.8203010112047195
10,0.34092289192432707,0.880886896090074,0.5066517502069473,0.8348920047283173
11,0.3130394713106481,0.8926509232683615,0.5306455373764039,0.8209788590669632
12,0.29259883967990225,0.8975994316014376,0.4094246432185173,0.8640280336141586
13,0.27296341659331863,0.905517578125,0.48465434908866883,0.8487247258424759
14,0.25029850260100583,0.9122824926267971,0.43098881244659426,0.8596162676811219
15,0.23151772884144026,0.9182812500406395,0.44212823510169985,0.8597311586141586
16,0.22067081708122382,0.9228941760957241,0.43329630643129347,0.8566521137952805
17,0.20592883085324007,0.9280184656381607,0.4490327209234238,0.8596392452716828
18,0.1973217516206205,0.9296839487823573,0.3956664979457855,0.8754136025905609
19,0.17903579407456247,0.9355548650703647,0.3649185672402382,0.887477022409439
20,0.16481561488895255,0.9418075284497305,0.45691628009080887,0.8549287676811218
21,0.15757250857793473,0.944955610754815,0.4058691754937172,0.8775160849094391
22,0.15219854461875829,0.9466867897320878,0.4000459060072899,0.8770220577716827
23,0.13514022723856298,0.9524795809252695,0.4325902253389359,0.8735983461141587
24,0.1291357013820247,0.9545081674375318,0.4228439673781395,0.8794117659330368
25,0.12053343643095683,0.957631391896443,0.3187166891992092,0.8984834551811218
26,0.11420178881169042,0.9593243961307135,0.3798058532178402,0.8875459551811218
27,0.10608015389351005,0.9626535864716227,0.34263786897063253,0.9024931073188782
28,0.1053186608478427,0.9629865055057135,0.3747419998049736,0.8903952211141586
29,0.09867518215270882,0.9654598720371723,0.48179372400045395,0.8790670961141587
30,0.09240800403693522,0.9678790836848996,0.4062599092721939,0.8846392452716827
31,0.08395715869582174,0.9706560722128912,0.33439322412014005,0.9072725176811218
32,0.08059652960351245,0.9716139913282611,0.3779354616999626,0.895726102590561
33,0.0725584281290966,0.9741601561280814,0.49096297919750215,0.8708639711141586
34,0.08016495924146677,0.9714559658684514,0.44266444966197016,0.8893727034330368
35,0.0773035861467096,0.9726003195074472,0.3741718351840973,0.9033432900905609
36,0.0726189183240587,0.9747558591718023,0.3778608590364456,0.8971277564764023
37,0.062300846382806245,0.9774192114445296,0.40900641232728957,0.9026079952716828
38,0.06159644430524416,0.9778666547076269,0.3685529537498951,0.9036879599094391
39,0.05741262710018253,0.9797842682085254,0.3516478128731251,0.9055951297283172
40,0.06033446795349433,0.9779616475782611,0.4452159956097603,0.8886144310235977
41,0.05354261513672431,0.9810751063579862,0.476422606408596,0.8874540448188781
42,0.05094071142692966,0.9818172939121723,0.40543456077575685,0.9004136025905609
43,0.06114879107653079,0.9784277342259884,0.4087561726570129,0.8996553301811219
44,0.05542041353923692,0.9807173294777219,0.3984444238245487,0.9025850176811219
45,0.0542132455051284,0.9814142398536205,0.41555016040802,0.8994370400905609
46,0.05167545715283433,0.9817693534899842,0.43019299358129504,0.901148897409439
47,0.04154993051832372,0.9854279116473414,0.3939190335571766,0.90859375
48,0.0503481782136739,0.9822292256761681,0.3741220191121101,0.9100298702716827
49,0.047213842922990974,0.9834907667880709,0.36918404772877694,0.9124770224094391
50,0.04552667638001202,0.9831196730109778,0.39967149794101714,0.9030790448188781
51,0.04148024079834365,0.9848854758522727,0.4876366212964058,0.8910730689764023
52,0.04423374963649125,0.984778053719889,0.3957847818732262,0.9122817099094391
53,0.0365714705072936,0.9871368960223414,0.37250102013349534,0.908984375
54,0.03891394072244028,0.9864177910441702,0.4346983700990677,0.9036649823188782
55,0.039373785749458795,0.9861381389200687,0.47079662382602694,0.8953354775905609
56,0.03958989366550337,0.9864106889475476,0.38937980905175207,0.9135340064764023
57,0.03378253273231993,0.9885857599702749,0.4089503034949303,0.9091107547283173
58,0.03776621343885464,0.9869912994856184,0.38895306289196013,0.9080078125
59,0.031571424296337434,0.9894069602543657,0.4462972700595856,0.9071346521377563
60,0.035344170189504934,0.9881134585223414,0.43463106751441954,0.9080422788858413
61,0.030714178730373864,0.9898322085765275,0.37296729534864426,0.9165326297283173
62,0.027676839857700874,0.9905326701700687,0.42246064841747283,0.9081112146377563
63,0.03266195671643469,0.9890616119585254,0.39947576969861986,0.9116957724094391
64,0.0368807099902452,0.9875399500808932,0.43292665630578997,0.9087201297283173
65,0.033996427974092185,0.988167613406073,0.43614006489515306,0.9085477948188782
66,0.03493711481728083,0.9880628548562527,0.45203726515173914,0.9059168189764023
67,0.03308674533830278,0.9885413707657293,0.39654303044080735,0.9108226090669632
68,0.03257874382755042,0.9882306463339112,0.4309852756559849,0.9047679215669632
69,0.02750090661919041,0.9905832741748203,0.4658561944961548,0.9014935672283173
70,0.028299390396568924,0.990843394601887,0.4181954711675644,0.9138671875
71,0.026769229312776588,0.9910431460223414,0.42420323491096495,0.91484375
72,0.027457734465397978,0.990510475567796,0.44406835809350015,0.9102826297283173
73,0.02891091234712142,0.9902095168151639,0.3921010822057724,0.9131433814764023
74,0.028422985890012405,0.9905548647723414,0.39297336935997007,0.9164636939764023
75,0.02967545767420564,0.9895561076700687,0.4255021631717682,0.9067670047283173
76,0.023603227828227154,0.9919309301132505,0.41876881420612333,0.9155790448188782
77,0.020840366639524953,0.9930060367015275,0.44303291440010073,0.9123621314764023
78,0.02915136963433311,0.9895463423295454,0.44872861802577974,0.906640625
79,0.027281938516270286,0.9909232953055338,0.441091950237751,0.9087431073188782
80,0.023802450465154834,0.9918421517041597,0.4080641523003578,0.9147518396377563
81,0.022565755776171995,0.9922860437496142,0.5763248935341835,0.8965303301811218
82,0.025977564345918257,0.9911541190337051,0.4652798742055893,0.9115004599094391
83,0.02372961078601127,0.9914994673295454,0.39190819635987284,0.9159466922283173
84,0.021789326269010253,0.99243519150398,0.49060120061039925,0.9041245400905609
85,0.02425215935958973,0.9917817826975476,0.4250664584338665,0.916233915090561
86,0.025432421537433667,0.9915092326700687,0.48454138189554213,0.9033662676811218
87,0.024719706415039996,0.9915474074130709,0.4661365240812302,0.9081801474094391
88,0.02143793761437833,0.9928977272727273,0.4778606444597244,0.9077895224094391
89,0.020758996685882183,0.9925807883793657,0.4199176222085953,0.9171875
90,0.02358450598694617,0.991943359375,0.46772520542144774,0.9041245400905609
91,0.022265417059481315,0.9921368963339112,0.4438313476741314,0.9095703125
92,0.018302933889737524,0.9933194247159091,0.4098693184554577,0.9158203125
93,0.016345280551997184,0.9945783025839112,0.4810782089829445,0.907984834909439
94,0.024686263551385226,0.9918013137172569,0.47170091420412064,0.9081801474094391
95,0.02415229563815625,0.9920037287202749,0.459533254802227,0.9092601090669632
96,0.01866854048884389,0.9935227270153436,0.5183769464492798,0.9036075383424759
97,0.02737002672405321,0.9909161932089112,0.4056294851005077,0.9129136025905609
98,0.014182559949404094,0.9949272014200687,0.4598673045635223,0.9092716008424759
99,0.01434127359706591,0.9951553622430022,0.4230235956609249,0.9143152564764023
100,0.018086060854495208,0.9936780892312527,0.46493156552314757,0.9125229775905609
