1,2.3468406376790028,0.24387755108122922
2,1.687734797292826,0.36218112250980067
3,1.5189475496204532,0.43123007018347176
4,1.3779827332010075,0.49117107780612246
5,1.2329133341507035,0.5504663583575463
6,1.0843885756877003,0.6093670281828666
7,0.9735534680741174,0.650621811346132
8,0.8791456484064764,0.6886918049077598
9,0.8000997642473299,0.7184909119897959
10,0.7221393606492451,0.7464883610302088
11,0.6642695540676311,0.765868144071832
12,0.5973905279320113,0.790529336856336
13,0.5473964898561945,0.8116151149175606
14,0.51028017958208,0.8236527424685809
15,0.4734990365651189,0.8368542729591837
16,0.4439838020777216,0.8470902424685809
17,0.42801382848802877,0.8524394132653061
18,0.40415256014283824,0.8606385524783816
19,0.391141128935376,0.8659996813049122
20,0.3681659577604459,0.8733179210400095
21,0.3656930418647065,0.8741509887028713
22,0.3475294303225011,0.8796316966110346
23,0.33750934815224337,0.8835140305514239
24,0.32318091407722355,0.8890824299685809
25,0.31785217657381176,0.8908362564991932
26,0.3079755761641629,0.892334980928168
27,0.3058336451649666,0.8946189415089938
28,0.29435838287582206,0.8983458228865449
29,0.2917404796700088,0.8971261160106075
30,0.27635958669136984,0.903938137755102
31,0.2753964676996883,0.9042450575804224
32,0.27336872239806215,0.9052056761420503
33,0.26256802054692285,0.9094188456632653
34,0.26224070072782285,0.9099290498665401
35,0.26148134895733427,0.908075574101234
36,0.24938323318350072,0.9148357781220455
37,0.24728179692613836,0.9153539541424537
38,0.23745688108005086,0.9188855229591837
39,0.2369718178346449,0.9186702805514239
40,0.23167662771076572,0.9193359376216421
41,0.23599068447947502,0.9190290177963218
42,0.22922219936640895,0.9201291455906264
43,0.2277210029412289,0.9209901149175606
44,0.22700078344466734,0.9215880103257238
45,0.21322739504429758,0.9255580357751068
46,0.22008678712406937,0.9228794644681775
47,0.21201778150030545,0.9272441009477693
48,0.21617222911849313,0.9250199299077598
49,0.1989589484446511,0.9307756697644993
50,0.20748496420529425,0.9276985012146891
51,0.19604170318616895,0.9324856506926673
52,0.19829744264027294,0.9315051019799953
53,0.19760427027180485,0.9320352360302088
54,0.19752249281321252,0.9315170600098006
55,0.19174157470768813,0.9341597578355244
56,0.19936216858272648,0.930974968233887
57,0.18616073909310663,0.9364716200804224
58,0.18305697945915922,0.9368024553571429
59,0.18349895223366972,0.9366749044583769
60,0.18188564479351044,0.937372449101234
61,0.1759132518223962,0.938966836856336
62,0.17256638019972917,0.9391541772959183
63,0.17978904419103447,0.9384685906828666
64,0.17204369764242852,0.940497449162055
65,0.17494936918421666,0.9389389348881585
66,0.16684321135434568,0.9425621811224489
67,0.1698495878324825,0.9403180805396061
68,0.16650373956226572,0.9427136480808258
69,0.15786846898192045,0.9459263393465354
70,0.15769793093204498,0.9454878827138823
71,0.16001291371577855,0.9444316008261272
72,0.14788835761802538,0.9498166454081632
73,0.15030126269830732,0.9489357462342904
74,0.1580141594595447,0.9454719387755102
75,0.14515203161507237,0.9497249682947081
76,0.14832789869028695,0.9492904975706217
77,0.1417401513959072,0.9509964922861177
78,0.14046966911730718,0.9512476084791884
79,0.14816649524228914,0.9484215561224489
80,0.14232866158138732,0.9515345981534646
81,0.13684379366435567,0.9515106823979592
82,0.13914882057175346,0.9530133930396061
83,0.13263319995330305,0.953356186346132
84,0.12747586739002442,0.9555843432947081
85,0.12637684726137288,0.9577128507044851
86,0.1365985874922908,0.9526347259477693
87,0.1223306069150567,0.9588169644073564
88,0.12124879088024704,0.9579799108359278
89,0.1206317375205001,0.9582748726314428
90,0.11325600277632475,0.9609135842444946
91,0.11630478938471298,0.9593829719387755
92,0.12108872827066451,0.9575972578355244
93,0.11902244261713052,0.9578204720604176
94,0.11055180109201038,0.9620615435498101
95,0.10330023217414107,0.9639867665816326
96,0.11234858489538334,0.9619100765914333
97,0.10885982859727679,0.9627710459183674
98,0.10317140294961175,0.9647520728865449
99,0.10002819365080522,0.9656967475098006
100,0.0953153534317199,0.967287149356336
101,0.09699948707937586,0.9668765943877551
102,0.09460546741528171,0.9681042730808258
103,0.09273341824585686,0.9681281888363312
104,0.08400705428223829,0.9710060586126483
105,0.09175860519730011,0.9694276147959183
106,0.08609473326110414,0.9708346621114381
107,0.08406226715187029,0.9722576530612245
108,0.08512435139784096,0.9711654973881585
109,0.08513003443272746,0.9710180166424537
110,0.07890051991051557,0.973505261601234
111,0.08351108181879532,0.9726921237853109
112,0.07651588510797948,0.9739676339893925
113,0.06889898988551327,0.9772082272232795
114,0.0712421493205641,0.9755141902334836
115,0.0758877587409652,0.9737683355200047
116,0.07479720269044747,0.9744658801628618
117,0.062437265027998665,0.9791812820702183
118,0.06392647218605389,0.9787547831632653
119,0.06197759256299053,0.9792889031220455
120,0.05741571195955787,0.9812938458457285
121,0.056755047928237795,0.9812220982751068
122,0.04750009516862278,0.9843989157555054
123,0.061958992996310094,0.9791613522232795
124,0.05355980369851601,0.9822584503159231
125,0.0450059834449571,0.9854233100706217
126,0.05107713146705409,0.9832868305396061
127,0.04380904554807562,0.9864636480200047
128,0.04045498590650303,0.9873764350706217
129,0.04565203973871409,0.9856026786930707
130,0.033498324976511756,0.9895926339893925
131,0.037478975329206,0.9885164222546986
132,0.038571946318166295,0.9875398597546986
133,0.03590715312094865,0.9889110332849075
134,0.03307668834316487,0.9897759885204082
135,0.031243789926817526,0.9906449299685809
136,0.03016607366901423,0.9912627552236829
137,0.026245590154442708,0.9924864477040817
138,0.02084181558017676,0.9943359375608211
139,0.021754846653939054,0.993897480928168
140,0.018067088121861904,0.9948580994897959
141,0.015800236783712646,0.9958346619897959
142,0.013727925401846213,0.9969068878159231
143,0.0119513860049572,0.9973891900510204
144,0.010407908481061079,0.9979272959183674
145,0.007135327146341074,0.9990433673469388
146,0.006276482090767359,0.9989636479591837
147,0.004903575224915938,0.9996014030612245
148,0.004878059574236561,0.9994220344387755
149,0.004134711045035332,0.9995615433673469
150,0.004164724316737823,0.9995814732142857
151,0.0039715251338321295,0.9995615433673469
152,0.0031886376851542417,0.9997608418367347
153,0.0028679198335989247,0.9998007015306123
154,0.0029105721938433317,0.9998206313775511
155,0.002775877844827364,0.9998405612244898
156,0.002412730756058947,0.9999601403061225
157,0.0022157291823532432,0.9998963648567394
158,0.002460815694910113,0.9999402104591837
159,0.002317541050819718,0.9999601403061225
160,0.002258982553327342,0.9999601403061225
161,0.0021754794745772544,1.0
162,0.001989737676625254,0.9999601403061225
163,0.0019321577464306385,1.0
164,0.0020077113713712754,1.0
165,0.0019114155414970402,0.9999800701530612
166,0.0019416098449645297,0.9999800701530612
167,0.002018298851611207,0.9999800701530612
168,0.0019470400269599442,0.9999800701530612
169,0.0019955305128396316,0.9999800701530612
170,0.001986421308508713,0.9999601403061225
171,0.0019685170703510543,0.9999800701530612
172,0.001955035064198381,0.9999800701530612
173,0.0019105063021962283,1.0
174,0.0019295131752020394,1.0
175,0.0019061315438843199,1.0
176,0.0018981706965192013,1.0
177,0.001934991259132607,0.9999800701530612
178,0.0019065475148357907,0.9999800701530612
179,0.0018554318450362782,1.0
180,0.0018860678650600342,1.0
181,0.0018651143140492163,1.0
182,0.0019341417002059253,1.0
183,0.0019428561458231083,1.0
184,0.001827447899089822,1.0
185,0.0017938506029242156,1.0
186,0.001851617361297736,1.0
187,0.0018426130450929382,1.0
188,0.0018356625784820477,1.0
189,0.0018631116670024181,0.9999800701530612
190,0.0018313298505559868,1.0
191,0.001815639164510221,0.9999800701530612
192,0.001864416683057076,1.0
193,0.001816303906392078,1.0
194,0.001826136241125285,0.9999800701530612
195,0.0018639371932926113,0.9999800701530612
196,0.0018417081122681005,1.0
197,0.001833693989747375,0.9999800701530612
198,0.001853022433945681,0.9999800701530612
199,0.0018639468355698284,1.0
200,0.0018413782699451763,1.0
