1,1.6994795833121648,0.3751589132642204,1.5643548905849456,0.4214613974094391
2,1.3842490891163999,0.49305308948863635,1.4878782749176025,0.4818359375
3,1.225585090843114,0.5555965907194398,1.3046241104602814,0.5284926474094391
4,1.0958443900400943,0.6084206321022727,1.107598951458931,0.6094784021377564
5,1.0051153390245005,0.6410360437902537,1.1403750240802766,0.5999885112047195
6,0.9274180771952326,0.6714177910577167,1.032503181695938,0.6327205896377563
7,0.8676192790947177,0.6950568180869926,0.9291443735361099,0.6761259198188782
8,0.8163751804015853,0.7105282314799048,1.0193171977996827,0.6483226090669632
9,0.768061410297047,0.7288778407329862,1.0669272065162658,0.6424517452716827
10,0.7323269569738344,0.7428338067098097,0.9411511540412902,0.6825482547283173
11,0.6924726322970607,0.7569469105113636,0.789722540974617,0.7247012883424759
12,0.6613708197731863,0.7688680751757189,0.8081787914037705,0.7239430159330368
13,0.6326648255979473,0.7783132100647147,0.8279041528701783,0.7165096521377563
14,0.609764900566502,0.7871395596726374,0.718207848072052,0.7466337323188782
15,0.5892175115983594,0.7940988991070878,0.7193297386169434,0.7479894310235977
16,0.5695899872278626,0.8002033023671671,0.6642805695533752,0.7658662676811219
17,0.5447380881417881,0.8098837001757189,0.7000644683837891,0.7642578125
18,0.5218899163671515,0.8181835937906395,0.7160153776407242,0.7505055159330368
19,0.509168194945563,0.8233185369860042,0.6407963633537292,0.780078125
20,0.49170302227139473,0.8293501419777219,0.7140572249889374,0.7562959551811218
21,0.48076472160491074,0.8317675780166279,0.6051316291093827,0.7948874086141586
22,0.4634604486213489,0.838640802285888,0.5966560825705528,0.7976102948188781
23,0.4521034493703734,0.8444300426000898,0.6992697924375534,0.7676470577716827
24,0.43860726939006284,0.8481338775970719,0.6348934203386307,0.7825942099094391
25,0.42523180456324056,0.8523615056818182,0.6563115924596786,0.7780216008424758
26,0.41413511750711635,0.858525390652093,0.5583739921450614,0.8139935672283173
27,0.401211226020347,0.8602672229436311,0.6343795925378799,0.7781479775905609
28,0.3900351104411212,0.8663982599973679,0.518672700226307,0.8240808814764022
29,0.3824728830632838,0.866722300987352,0.6301406353712082,0.7935546875
30,0.37052548033269966,0.8725142045454546,0.5273697346448898,0.8239085465669632
31,0.36382209441878577,0.873905362053351,0.5228756085038185,0.8208984375
32,0.35374265401200816,0.8773029118098996,0.6157473132014275,0.7940257340669632
33,0.3409889441152865,0.8813529827378013,0.5811680689454078,0.8084443926811218
34,0.33892607206309383,0.8811026276512579,0.5313550710678101,0.8227711409330368
35,0.3312098532068459,0.8845055042342707,0.5951870143413543,0.8035386025905609
36,0.31909991038793867,0.8885005326433615,0.5998562663793564,0.8063419133424758
37,0.31170709363438864,0.8916139914230867,0.5341411843895912,0.8213924646377564
38,0.3056074832142754,0.8943314985795454,0.685613477230072,0.7756204038858414
39,0.3022600875490091,0.8943812142718922,0.5158000737428665,0.8227136939764023
40,0.28752497101033275,0.9004820666529916,0.5713515102863311,0.8170151650905609
41,0.2830602036450397,0.9007927910848097,0.5568285062909126,0.8245174646377563
42,0.2822219123217193,0.9017444957386364,0.4913213700056076,0.8364889711141587
43,0.27260020205920393,0.9045978337526321,0.5412416666746139,0.8221277564764022
44,0.2669625190001997,0.9070676490664482,0.5248632580041885,0.8294232547283172
45,0.2581089117818258,0.9114870381626216,0.5117279917001725,0.8343635112047195
46,0.2519738028164614,0.9118448153815486,0.47060104459524155,0.8420381426811219
47,0.24505252602764152,0.9146475497294556,0.48633545488119123,0.8375114887952805
48,0.2437497419728474,0.9141974432224577,0.46086692363023757,0.8479549646377563
49,0.23372392982921816,0.9176979755813425,0.5116497963666916,0.8303768396377563
50,0.22911989210512151,0.9201589131897147,0.52726531624794,0.8351217836141587
51,0.2266490745612166,0.9207892400974577,1.2504549652338028,0.6962660849094391
52,0.2208724148910154,0.9220774146643552,0.5569976732134819,0.8208065271377564
53,0.21486599578268148,0.9251180751757189,0.583556754887104,0.8270335465669632
54,0.21015468214384533,0.9257732599296353,0.5065858379006386,0.8466107547283173
55,0.20799556023187257,0.9263378906656395,0.5383103162050247,0.8322380512952805
56,0.1995526994155212,0.9309446022591807,0.5472668454051017,0.8340418189764023
57,0.19562815836715428,0.9311150566420772,0.4642544865608215,0.8499425560235977
58,0.1873502085324038,0.9353107244453647,0.5749218031764031,0.8197840064764023
59,0.18743636869740757,0.9340802556411787,0.46429661512374876,0.8556755512952805
60,0.18329155550930987,0.93511452390389,0.49285453259944917,0.8458869487047196
61,0.1791994575495747,0.9380308948457241,0.5528961241245269,0.8293772965669632
62,0.17446124938909302,0.9384721233086153,0.5339458554983139,0.8397633284330368
63,0.1669593038122085,0.9419495737688108,0.5427868515253067,0.8470128685235977
64,0.17040495938536795,0.9404465552758087,0.47387498915195464,0.8548023909330368
65,0.16174557512964716,0.9438778409226374,0.5198972418904304,0.8443704038858414
66,0.16059933264147153,0.9445205964148045,0.787293154001236,0.7807444840669632
67,0.15551923477852886,0.9459357244724577,0.5546213001012802,0.8406364887952804
68,0.15256931361826984,0.9479962712661787,0.5265680879354477,0.8423023909330368
69,0.15297504014928232,0.9464142400432717,0.45556318312883376,0.8598575383424759
70,0.14410366901111873,0.949851739812981,0.6394671365618706,0.8208524823188782
71,0.14124303086745468,0.950472301041538,0.5128218919038773,0.8509076297283172
72,0.13945304263721814,0.9518678977408193,0.5468985274434089,0.8474954038858413
73,0.13373786477710714,0.9534401632845402,0.493928824365139,0.8570886939764023
74,0.1333286089568653,0.953744673254815,0.5315345272421836,0.8430721521377563
75,0.1273571007292379,0.955345347862352,0.632543408870697,0.8285271137952804
76,0.13127746748399327,0.9549112214960835,0.5004757836461067,0.8592945784330368
77,0.12300428993661296,0.9565092328597199,0.461150087416172,0.8626378685235977
78,0.11836077965034003,0.958617720075629,0.5650694966316223,0.8411420047283172
79,0.12132526644166898,0.9577201703055338,0.5137484028935433,0.8539751827716827
80,0.11489114796065471,0.9596546519209038,0.5422573015093803,0.8503216922283172
81,0.1137520899276503,0.958773082291538,0.7503471717238426,0.8078929215669632
82,0.1136395556174896,0.9596253548833457,0.5726449668407441,0.8428883284330368
83,0.10633026518520307,0.963509410281073,0.4687764197587967,0.8716452211141587
84,0.10624265725809065,0.9633256390013478,0.49648211896419525,0.8585822612047196
85,0.10352346135980704,0.9631862569261681,0.6139030292630195,0.8403952211141587
86,0.10582702477801252,0.9626349430869926,0.5491310775279998,0.8517003685235978
87,0.09679036627692933,0.9659037640826269,0.6384172961115837,0.8431066185235977
88,0.09656820101240142,0.9658558236604388,0.5608868435025215,0.8501608461141587
89,0.09897798841649835,0.9654660864987157,0.5541491419076919,0.8541590064764023
90,0.09113329788669944,0.9692036573859778,0.4749012216925621,0.8722081810235978
91,0.08960342292927882,0.9680060368369926,0.5004535809159278,0.8603170961141586
92,0.08981237278997221,0.9702849784357981,0.5696098402142524,0.8483570784330368
93,0.08567685940810903,0.9706880324943499,0.506648363173008,0.8615119487047196
94,0.0851259902542965,0.9713920453055338,0.5186226457357407,0.8668083637952805
95,0.08443328134969554,0.9706782668151639,0.4780845493078232,0.8730928301811218
96,0.07827538546090099,0.9728187143125318,0.5997954949736595,0.8434168189764023
97,0.08087652033745227,0.9730664061551745,0.5609828680753708,0.8475068926811218
98,0.0822210194945166,0.9721466617828066,0.566875870525837,0.8504825383424759
99,0.07890590218911794,0.9731232242828066,0.5574421212077141,0.8559053301811218
100,0.07482567795721645,0.9745339131490751,0.5528035029768944,0.8637522965669632
