1,1.705609378489581,0.375492720102722,1.4646643221378326,0.4688074454665184
2,1.377301948991689,0.4992427201094953,1.3226943254470824,0.5174402564764022
3,1.219373738223856,0.5596573153002695,1.343327671289444,0.5157398894429207
4,1.0933615074238994,0.6079021661796353,1.1120126277208329,0.6021369487047196
5,1.0076555000110106,0.6413565339012579,1.0423525094985961,0.6274356633424759
6,0.9243428483605385,0.6718856533142653,1.2210749745368958,0.5821576297283173
7,0.8649785142730583,0.6935449218885466,0.9083560347557068,0.6808134198188782
8,0.7996400347487493,0.7219930751757189,0.9498941898345947,0.6735294133424758
9,0.7524544136090712,0.7361283735795454,0.8501457691192627,0.7031135112047195
10,0.7132082716985182,0.7490474077110941,0.7778846919536591,0.7269186586141586
11,0.6703085381199013,0.7646209160712633,0.916832247376442,0.6880974262952805
12,0.6358714869076555,0.7774414061145349,0.7110262155532837,0.7540441185235978
13,0.6007760189134966,0.7909703478217125,0.723291739821434,0.7506089150905609
14,0.5756438345733014,0.7995587712661787,0.7543945163488388,0.7347541362047195
15,0.5503764731640165,0.8089559657329862,0.6727514892816544,0.7686006426811218
16,0.5282239118082956,0.814226739785888,0.6559557497501374,0.7774471521377564
17,0.5069045099345121,0.8224041191014376,0.704276493191719,0.7572265625
18,0.48981518941846763,0.8296608664095402,0.7216731578111648,0.7569508284330368
19,0.47160760770467197,0.8365589488636364,0.6111995533108712,0.790797334909439
20,0.4511647393757647,0.8454465554519133,0.6182736694812775,0.7913602948188782
21,0.4348904319446195,0.8480983664366332,0.5390617683529854,0.8116613060235978
22,0.4211740001020106,0.8528417968614534,0.5953904986381531,0.7899011939764022
23,0.4135167370127006,0.8552450283684514,0.5403503492474556,0.8159237146377564
24,0.3989721074361693,0.8608567115258087,0.6087749913334847,0.7993681073188782
25,0.3810263527557254,0.8668448152867231,0.5579355135560036,0.8088924646377563
26,0.37215118508108636,0.8697620738636364,0.6279372081160546,0.7850528508424759
27,0.35716085389933805,0.8772398792207241,0.7514526337385178,0.7653377771377563
28,0.347397601147267,0.8799875710498203,0.5364226013422012,0.8227941185235977
29,0.33990046686746855,0.8816965554248203,0.7201812773942947,0.7824678301811219
30,0.3261480906300924,0.8862908380952749,0.5470666691660881,0.8136029422283173
31,0.31814018899405544,0.8900221945209936,0.5397514268755913,0.8219554215669632
32,0.31135310867631977,0.8921715197238055,0.5217394337058068,0.8224954038858414
33,0.3000741685655984,0.8950958807360042,0.5184179052710534,0.8267693012952805
34,0.28772038517689164,0.900174005465074,0.5609728991985321,0.8171185672283172
35,0.2820733403787017,0.9024662639607083,0.5605871737003326,0.8148552387952804
36,0.2735146080905741,0.9049334160306237,0.49965325444936753,0.8405905336141586
37,0.26647037970410153,0.9069655537605286,0.5449749082326889,0.8275965064764023
38,0.2587495150721886,0.9091344103217125,0.521067076921463,0.8251608461141586
39,0.25128103454004636,0.9117693535306237,0.5366778910160065,0.8279641538858413
40,0.2464073391800577,0.9138867187906395,0.6015812128782272,0.8097771137952805
41,0.24075359817255626,0.915047940205444,0.4842218950390816,0.8411534935235977
42,0.23174637234346432,0.918972833590074,0.4572233006358147,0.8510684758424759
43,0.22570304030721838,0.9221688563173468,0.5478187039494514,0.8314797788858413
44,0.21648450284688311,0.9248410866341807,0.5490449443459511,0.8346507340669632
45,0.21451105397533288,0.9244176135821776,1.0400676041841508,0.7195772051811218
46,0.20849049628966235,0.92726473713463,0.577729718387127,0.8234719663858414
47,0.20321869613094765,0.92876686765389,0.5221423208713531,0.8425896137952804
48,0.19396358148448847,0.9326669031923468,0.5440382316708565,0.8314797788858413
49,0.18829918699339032,0.9353639913553541,0.5402357533574105,0.8375689327716828
50,0.1858855107883838,0.9347594102675264,0.5320459753274918,0.8362936586141586
51,0.18268392201174388,0.9377494671128013,0.5656629890203476,0.8298943012952804
52,0.17715031628242947,0.9373810369182717,0.4638775587081909,0.8513097435235977
53,0.16797593879428777,0.941303267059001,0.5953842028975487,0.8250344663858413
54,0.1637455987828699,0.9436487924646247,0.46654449254274366,0.8549057900905609
55,0.15865547396242619,0.9443350495262579,0.6609553024172783,0.8112591922283172
56,0.15557147655636072,0.9461070664904334,0.5354878425598144,0.8404181987047196
57,0.15472188435325568,0.9468714486468922,0.5878000915050506,0.8252527564764023
58,0.14688751215792514,0.9490136717530814,0.49748722910881044,0.8438189327716827
59,0.14448202291334217,0.9486425779759884,0.4524901270866394,0.8558249086141586
60,0.13938751715150746,0.951931817965074,0.7758612751960754,0.8002757340669632
61,0.1329713323238221,0.9546608664095402,0.6427795514464378,0.8179227948188782
62,0.13330097814005884,0.9545720880004492,0.5032760232686997,0.8593405336141586
63,0.1264293658631769,0.9551864344288002,0.5106361091136933,0.8472886025905609
64,0.12734290851618757,0.955950816585259,0.5042482644319535,0.8517003685235978
65,0.11865823294713417,0.9585129615258087,0.5547337457537651,0.8477941185235978
66,0.11847266791896387,0.9582528407600793,0.525286641716957,0.8472081810235977
67,0.11278379295783286,0.962308238514445,0.4715794786810875,0.8658088237047196
68,0.11092252438803288,0.9620996093885466,0.438721863925457,0.8662109375
69,0.10786838382905857,0.9623872512443499,0.4723552972078323,0.8602941185235977
70,0.10386850940994918,0.9639098010957241,0.5644340649247169,0.8518727034330368
71,0.10350572887215424,0.9639035866341807,0.6096525400876999,0.8372012883424759
72,0.09384774579666555,0.9688583094288002,0.41990077793598174,0.8783662676811218
73,0.0906340644102205,0.9699715907600793,0.5963838413357735,0.8439338237047196
74,0.09247166333212094,0.9684525921263478,0.44084548205137253,0.8716796875
75,0.09208195038478482,0.9686115055598996,0.5468454346060753,0.8508961409330368
76,0.08246389613486826,0.9726571376350793,0.4841365948319435,0.8631663590669632
77,0.08772541529668326,0.969768288121982,0.5361662521958351,0.8594898909330368
78,0.07941093338145451,0.9733868962661787,0.6417922258377076,0.8334443926811218
79,0.08016656351868402,0.9719815338877115,0.4814024716615677,0.8721852034330368
80,0.07697908910499378,0.9748606177216227,0.5412709057331085,0.8562959551811218
81,0.07468071669890461,0.9750665836036205,0.4591901034116745,0.8762867659330368
82,0.07139118172397668,0.9764204543422569,0.5666771709918976,0.8485983461141586
83,0.06955545287663964,0.9773144528947093,0.5639070317149162,0.8482536762952805
84,0.07137844098774208,0.9766805751079862,0.5245485886931419,0.8576861202716828
85,0.06548040894664485,0.9780024855651639,0.5132683128118515,0.8647403508424759
86,0.06632331080353734,0.9774316403676163,0.4629538506269455,0.8774931073188782
87,0.061468371602875944,0.9800603691149842,0.5766624242067337,0.8578239887952804
88,0.062271539121866226,0.9794833094558932,0.504133726656437,0.8696001827716827
89,0.058477901239794766,0.9806249998509884,0.5838953912258148,0.8541130512952805
90,0.05804375256411731,0.9809197441420772,0.5249926805496216,0.8723575383424759
91,0.05439648937052963,0.982336647469889,0.6156891718506813,0.8528952211141586
92,0.056856807405975734,0.9812304685738954,0.4573040872812271,0.8758272051811218
93,0.056128754894333804,0.9814497513527219,0.6234225019812584,0.8467945784330368
94,0.05322619162457572,0.9832022369585254,0.5196438163518906,0.8692325383424759
95,0.051518856844102796,0.9833416190337051,0.48379378020763397,0.8714039534330368
96,0.04877365356184204,0.9838458804244344,0.4924503922462463,0.8755055159330368
97,0.04946253377817233,0.984505504031073,0.4793268606066704,0.8712086409330368
98,0.04647763471373103,0.9851651276377115,0.46440436542034147,0.8797334551811218
99,0.0464419481841932,0.9853364699943499,0.5067340791225433,0.8686466008424759
100,0.0416802002476867,0.9866681461307135,0.6493204265832901,0.8579273909330368
