1,1.5341564606536517,0.4402876418422569,1.2437388062477113,0.5452550545334816
2,1.0562716180627996,0.6223854757845402,1.0852693051099778,0.6196576297283173
3,0.8146855699067767,0.7129705253649842,0.9213057190179825,0.6921875
4,0.6917095184326172,0.757859552448446,0.7724398642778396,0.7289407163858413
5,0.6081857933578166,0.787977627732537,0.7118558436632156,0.7588005512952805
6,0.5384489555250515,0.8126731176267971,0.650287052989006,0.7783432900905609
7,0.4953023178333586,0.8277201703326269,0.6768397599458694,0.7811810672283173
8,0.44975962439043954,0.8431383168155496,0.6049048185348511,0.8021254599094391
9,0.4162449220364744,0.8559534800323573,0.5641843512654304,0.8056181073188782
10,0.3784663766961206,0.8680184659632769,0.6311420708894729,0.7990808814764023
11,0.3625870439308611,0.8732723719017073,0.6101977854967118,0.7909696698188782
12,0.33868203760886734,0.8820667612281713,0.4690710350871086,0.8423713237047196
13,0.31187166019596835,0.8917569247159091,0.5727583944797516,0.8178998172283173
14,0.2931463514369997,0.898822798309001,0.4541162520647049,0.8525275737047195
15,0.2745618980208581,0.9034019884738055,0.5595207214355469,0.8196576297283172
16,0.26727113948965614,0.9078284800052643,0.603144571185112,0.8209099262952805
17,0.2487688432024284,0.9134144173427061,0.46392859518527985,0.8466796875
18,0.23453071594915606,0.9181232242421671,0.46403292566537857,0.8480813413858413
19,0.21578662635081194,0.9250923293558034,0.4434279054403305,0.8653722435235978
20,0.19980888297273355,0.9298171163959936,0.47613917887210844,0.8513327211141586
21,0.19509324071590195,0.9316974431276321,0.43813401460647583,0.8631204038858413
22,0.18868330705233596,0.9341503906656395,0.40549625605344775,0.8659122258424758
23,0.17585875500332226,0.9382244318046353,0.37091226875782013,0.879124540090561
24,0.15964683272283187,0.9444646659222516,0.4706627905368805,0.8671645224094391
25,0.1571115096607669,0.9448863633654334,0.46113328337669374,0.8636488974094391
26,0.14431805167855186,0.9487730823457241,0.43756554275751114,0.8708409935235977
27,0.13942157074978406,0.9512127129869028,0.36991185396909715,0.8890625
28,0.13435346946458926,0.9523712711578066,0.39154143035411837,0.8875
29,0.12530711519701238,0.9558309658684514,0.43284328281879425,0.8715992659330368
30,0.1184465221383355,0.9588396660983562,0.428283566236496,0.8715992659330368
31,0.11181419050659645,0.9594415836036205,0.3989885300397873,0.8862017452716827
32,0.10708656809716062,0.9613565338606184,0.4230607211589813,0.8830767452716828
33,0.09664518604139713,0.9665438563308932,0.4659243434667587,0.87421875
34,0.09636978199705482,0.9661381390284408,0.3743296943604946,0.8954388797283173
35,0.08959678369997577,0.9686940695074472,0.4579194009304047,0.868382352590561
36,0.08677801538512787,0.9690234373238954,0.551128488779068,0.8686466008424759
37,0.08398234207098457,0.9703169387172569,0.38032769560813906,0.8879595577716828
38,0.07680874421599913,0.9731072441420772,0.3878203272819519,0.8925321698188782
39,0.07379414725371382,0.9727112925188108,0.4156935021281242,0.8855124086141586
40,0.07134198346598582,0.975218394601887,0.4175167456269264,0.8889591008424759
41,0.062174384027126835,0.9776287285441702,0.41663913428783417,0.8901309758424759
42,0.05827111981555142,0.9796164770695296,0.3488877862691879,0.9022977948188782
43,0.05625018789644607,0.9805522015826269,0.4569917142391205,0.8912339150905609
44,0.060579202360134914,0.9792267399078066,0.41183123737573624,0.8908892452716828
45,0.05416511949575083,0.9810111857950687,0.427538550645113,0.8923138797283172
46,0.052946279883723364,0.9813760651106184,0.3899064876139164,0.8980009198188782
47,0.05136565641838719,0.9820516688579862,0.37271815836429595,0.899195772409439
48,0.04725585003722121,0.9832910153676163,0.38188347965478897,0.900390625
49,0.04430525602815165,0.9844895238903436,0.4122513264417648,0.8992417275905609
50,0.04160927126543935,0.9862872866744344,0.38791643381118773,0.9028033077716827
51,0.042666307354176584,0.98559925400398,0.38910406827926636,0.9039751827716828
52,0.04356981460957534,0.9846954897723414,0.4232467219233513,0.889866727590561
53,0.03636917672437531,0.9876473718746142,0.4088095188140869,0.9009765625
54,0.03224791260965338,0.989543678746982,0.43161210268735883,0.8963350176811218
55,0.03301514329028909,0.9889568534087051,0.4813884750008583,0.8907513797283173
56,0.032714133015939624,0.9890012426132505,0.3960680365562439,0.9019301474094391
57,0.03335346457738937,0.9888458803973414,0.37821962162852285,0.909937959909439
58,0.0359360450159081,0.9872824928977273,0.3790830984711647,0.9089384198188781
59,0.030647111831719732,0.9889950281517073,0.43316763639450073,0.9005859375
60,0.028438267472665757,0.9899751418693499,0.41295778900384905,0.9027573525905609
61,0.026426676875086163,0.9913920451971617,0.4204608604311943,0.9010684758424758
62,0.025290358856595543,0.9915252128107981,0.42395983785390856,0.8999310672283173
63,0.026687386675885962,0.9904723011634566,0.3784374825656414,0.9068589150905609
64,0.025688445208784702,0.9910493608225476,0.41149857491254804,0.9037339150905609
65,0.023499843518948182,0.9922860437496142,0.4030876100063324,0.9062040448188782
66,0.0198040432958144,0.99365234375,0.3879699744284153,0.9107192099094391
67,0.019806942518863998,0.9935635653409091,0.41834278851747514,0.8995634198188782
68,0.019993143690623005,0.9937127130952749,0.3872997537255287,0.9115234375
69,0.017456550667702686,0.9944957386363636,0.45278369188308715,0.8997817099094391
70,0.021814978205260228,0.9928187142041597,0.45452310144901276,0.9067899823188782
71,0.02291057812478605,0.9921750707382505,0.49016471207141876,0.8953125
72,0.020579163445456124,0.9929359020157293,0.3981145150959492,0.9072265625
73,0.019644450658233836,0.9936017400839112,0.4208942294120789,0.9099839150905609
74,0.01786136219479059,0.9940997866744344,0.39762360528111457,0.9087890625
75,0.017153678099434314,0.9944069602272727,0.3961345836520195,0.911891084909439
76,0.01767796736649788,0.993779296902093,0.41574338749051093,0.9111787676811218
77,0.015467000861959108,0.995361328125,0.4889020562171936,0.8995059758424759
78,0.016467844615611037,0.9946670809930022,0.433945544809103,0.9066176474094391
79,0.017543683032272384,0.9943341619589112,0.4654745578765869,0.90234375
80,0.016521761273245582,0.9945561079816385,0.5034614458680153,0.8995404422283173
81,0.015119411129324528,0.9950887784361839,0.43845886886119845,0.9100873172283173
82,0.01470534516292074,0.9952823150564324,0.3732844479382038,0.915797334909439
83,0.011022133461996087,0.99658203125,0.452094729244709,0.905055147409439
84,0.013923184665062845,0.995237925851887,0.4720196411013603,0.8989200383424759
85,0.014282654092477804,0.995244140652093,0.437411168217659,0.9057559758424759
86,0.0146048634567044,0.9954057173295454,0.3983671098947525,0.9142118573188782
87,0.01118141394214366,0.9963600852272727,0.42361909449100493,0.9106732547283173
88,0.010084400752516971,0.9968421520157293,0.39690127968788147,0.9120174646377563
89,0.00801528332455994,0.9977077415043657,0.43383485823869705,0.9129940271377563
90,0.011423674582725984,0.9964204545725476,0.4294463321566582,0.90546875
91,0.010201151828699618,0.9967533736066385,0.42204598933458326,0.9116498172283173
92,0.009646836986410728,0.9970134940337051,0.3917429007589817,0.920680147409439
93,0.011305451596854255,0.9964524145153436,0.43689918518066406,0.907421875
94,0.012371905460895505,0.9959099787202749,0.4157441042363644,0.9105813413858413
95,0.008112905670052649,0.9975301846861839,0.393805593252182,0.9169232547283173
96,0.007334662276579448,0.9979137073863636,0.36439691558480264,0.9179227948188782
97,0.00903195267363282,0.9970037286931818,0.43079220727086065,0.9093060672283173
98,0.01022740083036214,0.9966930042613636,0.41687231957912446,0.9091567099094391
99,0.010999079299587967,0.9964932528409091,0.4234670363366604,0.9109604775905609
100,0.009973391613377978,0.9968483664772727,0.42742462679743765,0.911351102590561
