1,2.4463847997513684,0.20734286223622886,1.820512092113495,0.3253676474094391
2,1.6809406334703618,0.37015358663418074,1.6467692315578462,0.3975528493523598
3,1.4854298430410298,0.4533238634467125,1.507148402929306,0.44805836379528047
4,1.3336135812781074,0.5127485794099894,1.3027096509933471,0.523046875
5,1.197425784712488,0.5686079544777219,1.2172574877738953,0.5608341008424759
6,1.042345407334241,0.6263725141232664,1.1489768326282501,0.5940602034330368
7,0.9270935742692514,0.6729350140826269,1.0437932193279267,0.6377412676811218
8,0.8488251174038107,0.7000878903676163,0.9576395392417908,0.6707261025905609
9,0.7687866013835777,0.7301491475240751,0.9390234082937241,0.6712545961141586
10,0.696610265834765,0.7563387782058932,0.8550910860300064,0.7045611202716827
11,0.6284407539801165,0.7814177911389958,0.7649132132530212,0.7393037676811218
12,0.5731922924857248,0.8000124289908193,0.7371728122234344,0.7472541362047196
13,0.5330012804743919,0.8153613280843605,0.6285187318921089,0.7870289534330368
14,0.4947818512604995,0.8274458450349894,0.5547746539115905,0.8063763797283172
15,0.46941191025755624,0.8365216617557135,0.5615662515163422,0.8102136939764023
16,0.4415503322062167,0.845941938798536,0.5462392434477806,0.8184168189764023
17,0.41875360669060185,0.8548925779759884,0.6407952219247818,0.7853285849094391
18,0.3940762331370603,0.8651012073863636,0.6229957044124603,0.7971047788858414
19,0.3861812353134155,0.8672141334549948,0.5619011878967285,0.8173368573188782
20,0.36946246891536494,0.8710591264746406,0.5560594454407692,0.8106732547283173
21,0.3596159014850855,0.8736869672482664,0.5423312708735466,0.8133042275905609
22,0.33701694748279726,0.8842400566420772,0.7305309891700744,0.7740923702716828
23,0.329120136289434,0.8867409446022727,0.4405784115195274,0.8492532163858414
24,0.3112925837155093,0.8914142400026321,0.6040819674730301,0.8158318012952804
25,0.30605654062872584,0.8941308591853488,0.4681508168578148,0.8454963237047195
26,0.2911091765219515,0.9004350142045454,0.4549369141459465,0.8499655336141586
27,0.28143395288762724,0.9029802910306237,0.4801874965429306,0.8384995400905609
28,0.2786338294602253,0.903930220075629,0.437739235162735,0.8507238060235978
29,0.27069962600415404,0.9057040126486258,0.4029904559254646,0.8629825383424758
30,0.2519385147501122,0.9130575284361839,0.43034732937812803,0.8575367659330368
31,0.2548261612484401,0.9119753194126216,0.4529567822813988,0.8569048702716827
32,0.24517801979726012,0.9138840552080761,0.4329832583665848,0.8461626827716827
33,0.23015134239738638,0.9202228337526321,0.49543005377054217,0.8445197612047195
34,0.231910788284784,0.918560014190999,0.4491728156805038,0.8487247258424759
35,0.22403495767238465,0.9213414415717125,0.4838315486907959,0.8431985288858413
36,0.21402252512052655,0.9254723011770032,0.4790642485022545,0.8439797788858414
37,0.20827066631649027,0.9285094104707241,0.7033544540405273,0.7941521137952805
38,0.1982699872248552,0.9324129968881607,0.42102089524269104,0.8638901650905609
39,0.19662338529120793,0.9331010295586153,0.5073164895176887,0.8347311586141586
40,0.1894923075610264,0.9348668323999102,0.41186583787202835,0.8601907163858413
41,0.18701681541278958,0.9350026632574472,0.5524909526109696,0.8252297788858414
42,0.17836735833605583,0.9385573508387263,0.4631883829832077,0.8553079038858413
43,0.17567111738026142,0.9390394176271829,0.389011412858963,0.8704044133424759
44,0.1677607879973948,0.9423366476866332,0.4266976773738861,0.8630859375
45,0.16586260578002443,0.9421777342530814,0.49629490822553635,0.8390510112047196
46,0.1489568975838748,0.9497904828326269,0.3876295253634453,0.8741038590669632
47,0.14879174136810683,0.9487792968072675,0.4530037447810173,0.8496438413858414
48,0.14855858040126887,0.9474440694532611,0.3850116476416588,0.8701631426811218
49,0.13235692988911812,0.9543243961578066,0.4056574791669846,0.8702895224094391
50,0.13564338251440364,0.9532084515826269,0.3946751892566681,0.8716567099094391
51,0.12082311436957256,0.9583513848483562,0.3734470769762993,0.8742876827716828
52,0.11907936298203739,0.9583575993098996,0.33167572766542436,0.8963694840669632
53,0.1086783970663832,0.9631711647591807,0.3633339457213879,0.8852251827716827
54,0.11713545303791761,0.959458451718092,0.37716803401708604,0.8822035849094391
55,0.10380522898313674,0.9650479402731765,0.47373513877391815,0.8590992659330368
56,0.0967220200479708,0.9668705609034408,0.3692223384976387,0.8861098349094391
57,0.09267108726569197,0.9680371091447093,0.35911425948143005,0.8947265625
58,0.08880812994373793,0.9699493961578066,0.3424276366829872,0.891819852590561
59,0.07852212583053518,0.9732120026918974,0.4802159398794174,0.8629136025905609
60,0.07891166463113305,0.9733895595100793,0.3886324428021908,0.8895795047283173
61,0.06806747068185359,0.9777618961578066,0.3887118652462959,0.8865234375
62,0.06083908368071372,0.980871803719889,0.36008438766002654,0.8956571698188782
63,0.05345154354687442,0.9823783734305338,0.33943316638469695,0.9074793189764023
64,0.05133161608087407,0.9833291901106184,0.32025604546070097,0.903102022409439
65,0.04746500786859542,0.985130504112352,0.30125856399536133,0.9098000913858414
66,0.04196473030077124,0.9868323863907293,0.3147900253534317,0.9081916362047195
67,0.03568915167124942,0.9900284091180022,0.31962402537465096,0.9084099262952805
68,0.033386799395719376,0.9902885295450687,0.31394257918000223,0.9085707724094391
69,0.030205872092417187,0.991242897442796,0.28766608238220215,0.9112591922283173
70,0.02320195063525303,0.9939222298562527,0.2931651800870895,0.9167624086141586
71,0.021162648772588,0.9941344105384566,0.2596581049263477,0.9249655336141587
72,0.017892958331768485,0.9956498579545454,0.2740430451929569,0.9213465064764023
73,0.013293522907505658,0.9971528764475476,0.2721625193953514,0.9202205896377563
74,0.010734061008075845,0.9981578480113636,0.2722678273916245,0.9273552387952805
75,0.009358949001497504,0.9984463778409091,0.2543663740158081,0.9302159935235977
76,0.006912445247342641,0.9992009943181818,0.24616004005074502,0.9265280336141586
77,0.00668894509065219,0.9991566051136364,0.2420273594558239,0.9293083637952805
78,0.005426622411918784,0.9993563565340909,0.22931383065879346,0.9344094663858413
79,0.004950285776761699,0.9994007457386364,0.24045515209436416,0.9299172788858414
80,0.004490037438782482,0.9996670809659091,0.24497898072004318,0.9279871314764023
81,0.004010166518458969,0.9996448863636364,0.23525478988885878,0.9344094663858413
82,0.003753264682018198,0.9998446377840909,0.22948703542351723,0.9364889711141586
83,0.003447433047271757,0.9998446377840909,0.2287282608449459,0.9338235288858414
84,0.0031853175347681495,0.9999334161931818,0.23839839696884155,0.9332835465669632
85,0.002972072184175803,0.9998890269886364,0.22925033904612063,0.9343635112047195
86,0.003144022054171232,0.9998890269886364,0.23780013471841813,0.9296989887952805
87,0.0029422129598308607,0.9999334161931818,0.2325174517929554,0.9361213237047196
88,0.0030860088934952564,0.9999556107954546,0.22824705354869365,0.9339958637952804
89,0.002955285529341464,0.9999112215909091,0.2177022285759449,0.9363396137952804
90,0.0028359754267677836,0.9999556107954546,0.23299916163086892,0.9333639711141586
91,0.002673763807582542,0.9999778053977273,0.22025484815239907,0.9372931987047195
92,0.0027568549491909585,0.9999334161931818,0.22517359852790833,0.9353860288858413
93,0.002651737131765747,0.9999334161931818,0.22301045283675194,0.9338005512952805
94,0.002669803894770501,0.9999778053977273,0.22569866925477983,0.9363625913858413
95,0.002663711406719151,0.9999334161931818,0.22804262936115266,0.9342141538858414
96,0.0027282858692077834,0.9999556107954546,0.23133886232972145,0.9345818012952805
97,0.0025974391008441507,0.9999556107954546,0.2310568816959858,0.9364889711141586
98,0.0024525890700963578,0.9999778053977273,0.22839124053716658,0.9349954038858413
99,0.002582624700814697,0.9999715909361839,0.2280413366854191,0.9368566185235977
100,0.002705101973498875,0.9998890269886364,0.2206232611089945,0.9379480689764023
