1,1.4974573017521338,0.45288707383654336,1.7079636752605438,0.4819508269429207
2,0.9872794683006677,0.6487056108360941,0.9883320480585098,0.6552274823188782
3,0.7932518591934984,0.719124644656073,0.9036238014698028,0.6951976090669632
4,0.6670189846984365,0.768451704559001,0.7359347581863404,0.7550091922283173
5,0.5880857230248776,0.7943057526241649,0.8297804415225982,0.7207720577716827
6,0.5216655461964282,0.8186150565743446,0.8077116936445237,0.7367876827716827
7,0.48110444708303973,0.8323446376757189,0.5674445509910584,0.8083409935235977
8,0.44716664556075225,0.84424183212898,0.6515690714120865,0.7854894310235977
9,0.4021547429940917,0.8600248579274524,0.5050254225730896,0.8253561586141587
10,0.37119486047462985,0.8698082386770032,0.5058179378509522,0.8285845577716827
11,0.35524483253671363,0.8776819956573573,0.50013038367033,0.8331456810235978
12,0.3271720487285744,0.8875648081302643,0.516717541217804,0.8325367659330368
13,0.3133999601175839,0.8915784799239852,0.5064695760607719,0.8314338237047195
14,0.29330811505629256,0.8979066051542759,0.5083629995584488,0.8360523909330368
15,0.2742070045999505,0.9045694246888161,0.5586034536361695,0.8271139711141586
16,0.2546014834872701,0.9108558236197992,0.4742478385567665,0.8471162676811218
17,0.24256464940580455,0.9141344102946195,0.43397933691740037,0.8572495400905609
18,0.22872972623868423,0.920213068073446,0.4521616458892822,0.8510454952716827
19,0.21730297278951516,0.9239373224025423,0.5265984326601029,0.8453010112047196
20,0.2107663829387589,0.9255415482277219,0.44300766140222547,0.8561695784330368
21,0.19971135326407172,0.929457563906908,0.5005112200975418,0.8458984375
22,0.1884807126850567,0.9349973364309832,0.43343621790409087,0.8633501827716827
23,0.17506808097558943,0.9381072443317283,0.42881921827793124,0.8683363974094391
24,0.162621128923175,0.9432022371752695,0.48380294293165205,0.8607077211141586
25,0.16235850378870964,0.9420454542745244,0.43768913447856905,0.8708984375
26,0.15149927871640434,0.9478160508654334,0.4469111546874046,0.8660615801811218
27,0.1462480050342327,0.949096235700629,0.38686294108629227,0.8859145224094391
28,0.1367705853190273,0.9518998576836153,0.37388565987348554,0.8855928301811218
29,0.1315120300701396,0.9540678266097199,0.4091752991080284,0.8775850176811218
30,0.13016188904558393,0.9534028761766173,0.39437243342399597,0.8839039534330368
31,0.12093911974013528,0.957641157575629,0.3932802379131317,0.8797104775905609
32,0.11652796186337416,0.958627485754815,0.4910397186875343,0.8627297788858413
33,0.10945888722992757,0.9616583805869926,0.45176717787981036,0.8734375
34,0.09952668585306541,0.9666450636630709,0.44745623171329496,0.8770565271377564
35,0.10330622556450014,0.964106001298536,0.4453544482588768,0.8703814327716828
36,0.09542703101496128,0.9662837355651639,0.43727290630340576,0.8800551474094391
37,0.08734213118441403,0.9697176844558932,0.4066706396639347,0.8819393396377564
38,0.084603188411248,0.9701047583737157,0.40035003125667573,0.8844209551811218
39,0.08020205910063603,0.9725781249051745,0.4073730781674385,0.8850298702716828
40,0.08022521546279843,0.9725177555598996,0.36051165834069254,0.8910960465669632
41,0.07384782651735639,0.9744389202784408,0.3859747976064682,0.8888671875
42,0.07443902205506508,0.9748197797347199,0.44242090731859207,0.8807329952716827
43,0.0755725681189109,0.9738902696831659,0.5960155308246613,0.8418543189764023
44,0.0711878693916581,0.975491832264445,0.3657731577754021,0.8954618573188782
45,0.0647652955164879,0.9782093394209038,0.38213287815451624,0.8935317099094391
46,0.06004699785262346,0.9797816049646247,0.37305300384759904,0.8907743573188782
47,0.057332246183333074,0.9812491119585254,0.39657353460788725,0.8876723349094391
48,0.061647367631931876,0.9791752486066385,0.44548905789852145,0.88046875
49,0.05767649273515086,0.980219282548536,0.38070009648799896,0.8966567099094391
50,0.05352130578830838,0.9823623932898045,0.435140398144722,0.884765625
51,0.05660059143238785,0.981566050851887,0.3770518571138382,0.8954618573188782
52,0.049460146174004134,0.9840838065878912,0.40396239161491393,0.8893382340669632
53,0.05108788786244325,0.9825399501079862,0.4191025197505951,0.8853285849094391
54,0.04946525518740104,0.9827175069261681,0.3692860290408134,0.8986328125
55,0.0476106161844324,0.9844806461848996,0.47011447250843047,0.8818818926811218
56,0.04356728365052153,0.9855007102543657,0.33751978650689124,0.9021024823188781
57,0.04388754828092219,0.985637428746982,0.32497406750917435,0.9065716922283172
58,0.03816416179126298,0.9882120026106184,0.3832656443119049,0.8960707724094391
59,0.03949260530167852,0.9874476204541597,0.3676488608121872,0.901585477590561
60,0.039745356236711486,0.9870072796263478,0.45765088945627214,0.8905560672283173
61,0.039508272099985996,0.9877139556814324,0.37462681978940965,0.8950712323188782
62,0.038460432096723125,0.9877867542884566,0.4666420519351959,0.8844439327716828
63,0.03925932552242144,0.9872034798291597,0.3455814264714718,0.9021484375
64,0.038006284083663064,0.9876127483492548,0.3721546731889248,0.8956571698188782
65,0.03715911897068674,0.987913707101887,0.4109066605567932,0.897265625
66,0.036122461130038246,0.9884907667609778,0.3845596268773079,0.9015625
67,0.03158591302450408,0.9905388849702749,0.36191450655460355,0.901171875
68,0.03129815293306654,0.9904660863632505,0.335536302626133,0.9038832724094391
69,0.029635136941744186,0.9905326701700687,0.3350559428334236,0.9040556073188781
70,0.029515534014949066,0.9908274147998203,0.32313516512513163,0.9087431073188782
71,0.028101695180256767,0.9915980110791597,0.36808318048715594,0.9013901650905609
72,0.02830967263699594,0.99121448837898,0.4156177669763565,0.8958295047283172
73,0.03578870793254199,0.9887473366477273,0.3423723138868809,0.9057674646377564
74,0.03160184274152429,0.9900568181818182,0.3664470188319683,0.9005629599094391
75,0.02879617354747924,0.9918421517041597,0.3454399645328522,0.9044921875
76,0.032564260727006265,0.9897150211036205,0.36968222334980966,0.9021484375
77,0.030941046732054514,0.990637428719889,0.3358145013451576,0.9084558814764023
78,0.025973915254739535,0.9926251775839112,0.3989988505840302,0.8975643396377564
79,0.028840956526850772,0.9907705963335254,0.47314830869436264,0.8818818926811218
80,0.036965925198852674,0.9881480823863636,0.37289777398109436,0.9010799646377563
81,0.026047940911005506,0.9927299357950687,0.36870916932821274,0.9040096521377563
82,0.021850334363989532,0.9938299005681818,0.42757657915353775,0.8920611202716827
83,0.022915685308610344,0.9931738278405233,0.3122078664600849,0.9145105689764023
84,0.02286214213183319,0.9933673647994344,0.3087354451417923,0.9119715064764022
85,0.024434116885955023,0.9926535866477273,0.35255482494831086,0.9052045047283173
86,0.027625845700227233,0.9912047230384566,0.3499091863632202,0.9092371314764023
87,0.03184378034943207,0.989873046902093,0.3586076319217682,0.9032054215669632
88,0.03150952075586908,0.9903267042880709,0.3859924465417862,0.8982651650905609
89,0.028071665617806666,0.9915030182085254,0.4192063122987747,0.8984375
90,0.02273095556301996,0.9934525923295454,0.3160671152174473,0.9098920047283172
91,0.02478787187878466,0.9933797940611839,0.34443015083670614,0.9073988974094391
92,0.025068189525468784,0.992802734402093,0.34525474458932875,0.9052504599094391
93,0.031022780760064383,0.9900506037202749,0.37151526659727097,0.8990004599094391
94,0.022412625345168635,0.993322975594889,0.3890182986855507,0.9041130512952804
95,0.018841477708933366,0.994993785226887,0.38042631298303603,0.9016659021377563
96,0.021987547452392227,0.993896484375,0.34742444157600405,0.9110638797283173
97,0.018661174087107858,0.9953107244589112,0.3187711872160435,0.9083524823188782
98,0.015583136867710644,0.9960715553977273,0.3444741077721119,0.909375
99,0.027827336288861592,0.9916770241477273,0.3688144087791443,0.8985409021377564
100,0.02980427189984105,0.9909605824134566,0.3888456352055073,0.899195772409439
